0 1 5 0.0340352 0.0299576
0 1 9 0.0339148 0.0344642
0 1 2 0.0511096 0.0482725
0 1 6 0.0586536 0.0470479
0 1 10 0.0330881 0.0286255
0 1 3 0.031283 0.0285266
0 1 7 0.162822 0.13723
0 1 11 0.0362932 0.0388347
0 1 4 0.0290597 0.0261943
0 1 8 0.0469453 0.0433854
0 1 12 0.0624518 0.0571801
0 2 5 0.0476307 0.0344003
0 2 9 0.0718177 0.0452125
0 2 2 0.0787354 0.0504629
0 2 6 0.0664807 0.041922
0 2 10 0.0559117 0.0304389
0 2 3 0.0458234 0.0377503
0 2 11 0.054788 0.0336258
0 2 4 0.0428926 0.0282844
0 2 8 0.0732659 0.0556009
0 2 12 0.0725381 0.0516346
0 3 5 0.0645792 0.0369338
0 3 9 0.0684397 0.0403908
0 3 2 0.109083 0.0648976
0 3 6 0.102368 0.0597377
0 3 10 0.0802529 0.0429336
0 3 3 0.0659975 0.0385131
0 3 11 0.0837069 0.0397517
0 3 4 0.0642744 0.0354799
0 3 8 0.0961908 0.0578253
0 3 12 0.104408 0.0623033
-2 3 3 0.298828 0.276802
-2 3 10 0.393607 0.382496
-2 3 11 0.290245 0.229671
-1 1 2 0.0919889 0.0898282
-1 1 3 0.0698126 0.0724724
-1 1 4 0.0613561 0.0504529
-1 1 5 0.0657516 0.0580278
-1 1 6 0.13842 0.141564
-1 1 8 0.101381 0.10086
-1 1 9 0.0714729 0.0619252
-1 1 10 0.061221 0.0674678
-1 1 11 0.0665394 0.0618279
-1 1 12 0.1181 0.092523
-1 2 2 0.113269 0.0734682
-1 2 3 0.0881703 0.0703966
-1 2 4 0.0703245 0.0442138
-1 2 5 0.0671411 0.0499505
-1 2 6 0.113917 0.0623798
-1 2 9 0.0850986 0.0606485
-1 2 10 0.0908414 0.057953
-1 2 11 0.0783211 0.053243
-1 2 12 0.103548 0.0668487
-1 3 2 0.127405 0.0740066
-1 3 3 0.108846 0.0689534
-1 3 4 0.0744506 0.04343
-1 3 5 0.0978083 0.0713803
-1 3 6 0.149772 0.0786441
-1 3 8 0.162172 0.0967754
-1 3 9 0.100328 0.0614273
-1 3 10 0.0933621 0.0617
-1 3 11 0.104402 0.0648879
-1 3 12 0.160865 0.0870194
1 1 2 0.105247 0.0897551
1 1 3 0.0709421 0.060487
1 1 5 0.0706917 0.0540601
1 1 6 0.174491 0.136944
1 1 8 0.104024 0.0810038
1 1 9 0.0759319 0.0583518
1 1 10 0.0645943 0.0565503
1 1 11 0.0620368 0.0631985
1 1 12 0.127996 0.105498
1 2 3 0.0842608 0.0725316
1 2 4 0.104795 0.0951477
1 2 5 0.0831796 0.0680276
1 2 6 0.130923 0.0771719
1 2 8 0.133503 0.0924191
1 2 9 0.0997251 0.0613238
1 2 10 0.0756874 0.0477766
1 2 11 0.0793175 0.0580774
1 2 12 0.125464 0.0974728
1 3 2 0.133495 0.0670311
1 3 3 0.0913583 0.0507544
1 3 4 0.119294 0.0860999
1 3 5 0.0955865 0.0600267
1 3 6 0.154182 0.0855194
1 3 9 0.12062 0.0684823
1 3 10 0.0813665 0.0505996
1 3 11 0.0965395 0.0521223
1 3 12 0.165852 0.108348
2 3 3 0.348653 0.320585
2 3 5 0.297176 0.207158
2 3 10 0.361725 0.308016
2 3 11 0.347828 0.366254
-2 4 2 0.343364 0.352961
-2 4 3 0.22136 0.216604
-2 4 4 0.227367 0.203758
-2 4 13 0.218645 0.197066
-2 4 5 0.176314 0.168339
-2 4 6 0.513737 0.479609
-2 4 8 0.35989 0.333072
-2 4 9 0.467181 0.519021
-2 4 10 0.496377 0.455994
-2 4 14 0.435096 0.396738
-2 4 11 0.325815 0.339642
-2 4 12 0.327739 0.314918
-1 4 2 0.138462 0.0905358
-1 4 3 0.121337 0.0908882
-1 4 4 0.0877413 0.0548291
-1 4 13 0.0812289 0.0498131
-1 4 5 0.0920446 0.0602471
-1 4 6 0.158067 0.0936349
-1 4 8 0.130747 0.0860859
-1 4 9 0.119994 0.0778196
-1 4 10 0.134772 0.0755858
-1 4 14 0.143719 0.0890481
-1 4 11 0.127075 0.0794555
-1 4 12 0.134682 0.0807737
0 4 2 0.153337 0.0607388
0 4 3 0.10586 0.0526682
0 4 4 0.176806 0.0893536
0 4 13 0.0668844 0.0312242
0 4 5 0.0617784 0.0324881
0 4 6 0.117834 0.0471933
0 4 7 0.235321 0.116121
0 4 8 0.0937119 0.0432357
0 4 9 0.0955522 0.0418227
0 4 10 0.0898936 0.0403053
0 4 14 0.094286 0.0403965
0 4 11 0.0985205 0.0449819
0 4 12 0.0972891 0.0405168
1 4 2 0.144883 0.0976469
1 4 3 0.0933959 0.0486844
1 4 4 0.124709 0.0930954
1 4 13 0.126271 0.0951293
1 4 5 0.0921683 0.0630129
1 4 6 0.162272 0.104061
1 4 8 0.148199 0.0908612
1 4 10 0.122706 0.0792774
1 4 14 0.118508 0.0383388
1 4 11 0.123334 0.0805403
1 4 12 0.122221 0.0715066
2 4 2 0.325792 0.362839
2 4 3 0.250172 0.180647
2 4 4 0.247565 0.237429
2 4 13 0.240796 0.222811
2 4 5 0.252539 0.235185
2 4 6 0.439466 0.457124
2 4 7 0.741732 0.612294
2 4 8 0.431393 0.365246
2 4 10 0.3554 0.344038
2 4 14 0.378454 0.349702
2 4 11 0.301659 0.334019
2 4 12 0.323176 0.28474