0 1 1 0.216024 0.162461
0 1 5 0.0280694 0.0212238
0 1 9 0.0255299 0.0209392
0 1 2 0.0417177 0.034058
0 1 6 0.0589178 0.0413573
0 1 10 0.0197523 0.0158557
0 1 3 0.025953 0.0183662
0 1 7 0.240353 0.178932
0 1 11 0.0300598 0.0273256
0 1 4 0.0182851 0.0138577
0 1 8 0.0480237 0.0384069
0 1 12 0.0699466 0.0629642
0 2 5 0.0369872 0.0230337
0 2 9 0.0515377 0.0349722
0 2 2 0.0687261 0.0421178
0 2 6 0.06055 0.0352626
0 2 10 0.0303098 0.0185159
0 2 3 0.0365238 0.0237282
0 2 11 0.039018 0.0247785
0 2 4 0.0252332 0.0163093
0 2 8 0.0840174 0.0525886
0 2 12 0.0734037 0.048955
0 3 5 0.0500122 0.0277983
0 3 9 0.0492169 0.0337255
0 3 2 0.0930693 0.05186
0 3 6 0.0923406 0.053724
0 3 10 0.0465079 0.0303638
0 3 3 0.048387 0.0278596
0 3 11 0.0655426 0.0362901
0 3 4 0.040069 0.0223548
0 3 8 0.105957 0.05995
0 3 12 0.134591 0.0673175
-2 2 3 0.452152 0.509452
-2 2 4 0.346003 0.385688
-2 2 5 0.312219 0.346392
-2 2 9 0.481026 0.426768
-2 2 10 0.458881 0.503235
-2 2 11 0.547765 0.585804
-2 3 2 0.410494 0.391779
-2 3 3 0.259976 0.230288
-2 3 4 0.212962 0.202998
-2 3 5 0.231186 0.234803
-2 3 8 0.442901 0.420117
-2 3 9 0.324926 0.308115
-2 3 10 0.354312 0.272534
-2 3 11 0.332017 0.271825
-2 3 12 0.491658 0.350947
-1 1 2 0.0792012 0.0672268
-1 1 3 0.0557824 0.051309
-1 1 4 0.0382855 0.0283358
-1 1 5 0.0482955 0.0410323
-1 1 6 0.120542 0.103082
-1 1 7 0.504153 0.369998
-1 1 8 0.105288 0.094506
-1 1 9 0.0534537 0.0439234
-1 1 10 0.0428419 0.0336144
-1 1 11 0.0530996 0.0444096
-1 1 12 0.104772 0.087651
-1 2 2 0.106352 0.0760982
-1 2 3 0.0655032 0.0503991
-1 2 4 0.0364721 0.0214263
-1 2 5 0.0529579 0.03156
-1 2 6 0.0935247 0.0623396
-1 2 9 0.0691383 0.0447696
-1 2 10 0.0602838 0.0366837
-1 2 11 0.0621585 0.036673
-1 2 12 0.103753 0.0667659
-1 3 2 0.11515 0.071437
-1 3 3 0.0875418 0.0622337
-1 3 4 0.0399159 0.0195893
-1 3 5 0.0661442 0.0390034
-1 3 6 0.129549 0.0634829
-1 3 8 0.16039 0.101389
-1 3 9 0.0770975 0.0478029
-1 3 10 0.0692212 0.0395792
-1 3 11 0.0899038 0.0613744
-1 3 12 0.171848 0.0961505
1 1 1 0.351504 0.263851
1 1 2 0.0760694 0.0653365
1 1 3 0.0615056 0.0509461
1 1 4 0.0721302 0.0705784
1 1 5 0.0449128 0.0331648
1 1 6 0.140847 0.117974
1 1 7 0.487852 0.454636
1 1 8 0.095701 0.0713499
1 1 9 0.0530391 0.0443142
1 1 10 0.039628 0.0307983
1 1 11 0.051262 0.0408274
1 1 12 0.115365 0.0983227
1 2 2 0.112201 0.0935064
1 2 3 0.0591106 0.0405888
1 2 4 0.0675133 0.0586827
1 2 5 0.0542245 0.0317233
1 2 6 0.0993005 0.0564334
1 2 8 0.139679 0.0911554
1 2 9 0.0668708 0.0396208
1 2 10 0.0414459 0.0294384
1 2 11 0.0576705 0.0396371
1 2 12 0.111702 0.0765335
1 3 2 0.104151 0.0541987
1 3 3 0.0680855 0.0359578
1 3 4 0.0901983 0.0648938
1 3 5 0.0720317 0.0355036
1 3 6 0.156109 0.0774288
1 3 9 0.0805585 0.050985
1 3 10 0.0459159 0.0277518
1 3 11 0.0794193 0.0425638
1 3 12 0.164086 0.102631
2 2 3 0.38561 0.386987
2 2 4 0.313717 0.362302
2 2 5 0.461785 0.509344
2 2 9 0.423141 0.479965
2 2 10 0.315047 0.29274
2 2 11 0.330243 0.319594
2 3 2 0.359271 0.237133
2 3 3 0.266722 0.256324
2 3 4 0.219185 0.172003
2 3 5 0.232912 0.235529
2 3 8 0.470576 0.42888
2 3 9 0.231063 0.207332
2 3 10 0.188004 0.144174
2 3 11 0.233049 0.19342
2 3 12 0.535531 0.509554
-2 4 2 0.352817 0.376722
-2 4 3 0.187305 0.178649
-2 4 4 0.148158 0.139005
-2 4 13 0.144376 0.131904
-2 4 5 0.144504 0.143965
-2 4 6 0.39622 0.368214
-2 4 8 0.312239 0.282189
-2 4 9 0.309561 0.337244
-2 4 10 0.297504 0.287854
-2 4 14 0.264052 0.264009
-2 4 11 0.293722 0.299423
-2 4 12 0.351682 0.309142
-1 4 2 0.137116 0.0772519
-1 4 3 0.101321 0.0739364
-1 4 4 0.0511921 0.0324148
-1 4 13 0.0490916 0.0312639
-1 4 5 0.0699835 0.0467266
-1 4 6 0.143947 0.0977141
-1 4 8 0.144421 0.0893263
-1 4 9 0.0994896 0.0593076
-1 4 10 0.0940396 0.0625922
-1 4 14 0.0921077 0.0588772
-1 4 11 0.110035 0.069057
-1 4 12 0.142604 0.0851143
0 4 2 0.145636 0.0639388
0 4 3 0.0740764 0.0357242
0 4 4 0.100973 0.0513618
0 4 13 0.0501115 0.0238139
0 4 5 0.0536846 0.026137
0 4 6 0.103359 0.0520343
0 4 7 0.39964 0.175297
0 4 8 0.0955982 0.0492983
0 4 9 0.0736787 0.0463569
0 4 10 0.0571086 0.0345663
0 4 14 0.0600629 0.0356114
0 4 11 0.0807203 0.0439439
0 4 12 0.103484 0.0458203
1 4 2 0.133461 0.0918557
1 4 3 0.07071 0.0456937
1 4 4 0.088517 0.0643197
1 4 13 0.0963331 0.0701511
1 4 5 0.0694178 0.0467947
1 4 6 0.167969 0.110663
1 4 7 0.601423 0.269808
1 4 8 0.140726 0.096118
1 4 9 0.104879 0.0722855
1 4 10 0.0731221 0.0485792
1 4 14 0.0625744 0.0390342
1 4 11 0.0976517 0.0656736
1 4 12 0.132939 0.0790856
2 4 2 0.292322 0.291704
2 4 3 0.174539 0.171675
2 4 4 0.187262 0.172932
2 4 13 0.170017 0.155742
2 4 5 0.164312 0.15847
2 4 6 0.400802 0.412101
2 4 8 0.31227 0.302324
2 4 9 0.601688 0.566295
2 4 10 0.199967 0.198944
2 4 14 0.171131 0.175242
2 4 11 0.225643 0.25489
2 4 12 0.269368 0.247498